00000000000000000000000000000000000000000000000000
00000000000000000000000000000000000000000000000000
00000000000000000000000000000000000000000000000000
00000000000000000000000000000000000000000000000000
00000000000000000000000000000000000000000000000000
00000000000000000000000000000000000000000000000000
00000000000000000000000000000000000000000000000000
00000000000000000000000000000000000000000000000000
00000000000000000000000000000000000000000000000000
00000000000000000000000000000000000000000000000000
00000000000000000000000000000000000000000000000000
00000000000000000000000000000000000000001100000000
00000000000000000000000000000000000010110100000000
00000000000000000000000000000000000100000100000000
00000000000000000000000000000000001000000010000000
00000000000000000000000000000000010000000001000000
00000000000000111100000000000000100000000000100000
00000000000011000011000000000000100000000000100000
00000000000100000000100000000001000000000000010000
00000000001000000000100000000001000000000000100000
00000000001000000000100000000010000000000001100000
00000000001000000000100000110000000000000111000000
00000000001000000000111000000000000000000110000000
00000000001000000000000000000000000000001100000000
00000000001000000000000000000000000000001000000000
00000000010000000000000000000000000000001000000000
00000000010000000000000000000000000000001000000000
00000000100000000000000000000000000000011000000000
00000000100000000000000000000000000000010000000000
00000000100000000000000000000000000000110000000000
00000000100000000000000000000000000000100000000000
00000000100000000000000000000000000000100000000000
00000000100000000000000000000000000000100000000000
00000000100000000000110000000000000000100000000000
00000001000000000011111100000000000001100000000000
00000001000000000100000111111110000001000000000000
00000001000000001000000000000010000001000000000000
00000011000100001000000000000010000001000000000000
00001110001100011000000000000010000001000000000000
00001000011000110000000000000010000011000000000000
00001000101001100000000000000010000010000000000000
00001001001001100000000000000010000010000000000000
00001001001000100000000000000001000010000000000000
00001001001000100000000000000001000010000000000000
00001001001000100000000000000001000010000000000000
00001000101000110000000000000001000001100000000000
00000111100111110000000000000001100000100000000000
00000000000000000000000000000000111111100000000000
00000000000000000000000000000000000000000000000000
00000000000000000000000000000000000000000000000000
00000000000000000000000000000000000000000000000000
00000000000000000000000000000000000000000000000000
00000000000000000000000000000000000000000000000000
00000000000000000000000000000000000000000000000000
